image: CSU_FH_1F_041717.pgm
resolution: 0.050000
origin: [-15.120000, -28.650000, 0.000000]
negate: 0
occupied_thresh: 0.65
free_thresh: 0.196
